9
    0.00    1.00    2.00    3.00    4.00    5.00    6.00    7.00    8.00
    1.00    0.00   -7.00  -26.00  -63.00 -124.00 -215.00 -342.00 -511.00
    2.00    3.00   -4.00  -23.00  -60.00 -121.00 -212.00 -339.00 -508.00
    3.00    8.00    1.00  -18.00  -55.00 -116.00 -207.00 -334.00 -503.00
    4.00   15.00    8.00  -11.00  -48.00 -109.00 -200.00 -327.00 -496.00
    5.00   24.00   17.00   -2.00  -39.00 -100.00 -191.00 -318.00 -487.00
    6.00   35.00   28.00    9.00  -28.00  -89.00 -180.00 -307.00 -476.00
    7.00   48.00   41.00   22.00  -15.00  -76.00 -167.00 -294.00 -463.00
    8.00   63.00   56.00   37.00    0.00  -61.00 -152.00 -279.00 -448.00
